689 581 139 306 45 371 886 576
864 596 6 651 693 810 770 281
270 557 325 275 561 672 196 22
620 324 77 312 851 642 917 480
375 88 57 746 364 910 527 644
753 823 360 921 218 411 908 190
327 111 217 269 888 307 914 934
785 439 682 171 60 686 959 308
79 103 568 563
337 312 523 352
906 492 471 800
250 867 303 860
287 619 702 706
262 430 9 941
293 225 244 626
629 918 697 381
145 371 102
597 575 280
464 618 388
509 844 631
525 123 362
611 638 271
26 433 548
485 745 726
561 742 125
754 318 457
864 219 632
354 688 116
523 425 552
935 147 735
956 807 610
421 60 142