111 270 437 502 215 181
115 18 330 442 508 57
201 182 392 492 206 124
189 451 399 501 403 32
200 229 331 351 294 55
263 94 539 298 378 475
362 562 320 395 357 540
452 399 202 419 449 393
541 128 462 256 527 206
165 533 465
29 163 494
388 102 474
361 183 11
355 539 347
69 565 162
160 473 76
432 508 35
117 527 385
556 514 422
556 289 534
385 572 3
66 303 14
29 364 514
95 58 411
90 209 222
279 188 292
459 182 359
47 64 413 399 402 275
63 35 345 454 32 353
317 307 34 440 315 112
45 191 352 60 120 151
290 192 503 509 474 52
490 313 123 299 206 345
198 370 265 221 363 7
558 496 166 185 132 8
351 424 436 527 96 430