92 133 95 39
78 91 251 284
262 92 89 204
15 226 74 150
73 39 28 47
258 175 57 160
171 286 97 12
208 69 108 59
164 4 171 217
50 245 171 139
18 122 35 97
30 26 160 53
81 72 286 20
236 259 66 105
11 0 146 7
196 95 168 194
1 129 64 29
241 177 250 47
151 53 184 192
59 52 21 84
248 87 264 280
103 278 137 154
175 56 273 192
43 80 183 95
134 245 142 33
229 18 196 200
186 188 251 33
43 33 250 74
6 55 77 261
282 139 286 227
135 163 89
252 151 250
138 286 205
32 137 4
44 87 137
192 158 189
138 50 173
236 15 94
82 285 281
133 249 191
114 1 128
96 193 76
1 242 153
284 156 53
42 92 160
113 247 81
196 275 103
168 117 262
116 166 137
177 8 125
115 9 6
199 219 18
208 138 73
14 154 101