389 1050 43 678 88 303
988 1112 642 633 59 92
196 260 661 696 74 1098
375 444 435 540 1 542
9 673 1149 388 66 797
1013 404 516 1096 82 811
780 161 190 661 883 745
620 594 79 742 441 435
838 59 501 129 403 117
1139 557 973 110 67 654
44 1132 15 859 885 513
1147 900 748 563 757 927
690 835 1117 477 1010 651
742 587 230 170 748 132
688 1127 1040 413 6 16
886 29 14 593 20 998
540 904 605 932 1115 591
882 1120 533 697 1112 611
976 629 194
799 762 578
577 96 66
203 751 141
365 269 201
549 25 880
217 336 788
146 664 849
893 498 1119
862 490 978
727 203 717
162 946 1131
1093 824 614
332 982 325
661 604 868
764 1097 603
36 1001 549
774 746 623
384 1028 856
774 381 889
627 261 731
47 97 1045
621 1062 325
1025 208 240
693 734 291
160 932 427
994 619 848
1127 74 44
923 431 318
935 887 1059
970 984 730
696 21 418
266 684 96
358 797 717
602 877 325
184 782 625
1033 304 1094 562 1031 361
566 715 198 975 365 519
268 1109 294 662 287 478
13 419 213 575 842 748
918 363 549 1004 578 408
644 188 128 508 828 844
1009 1101 243 44 426 580
200 858 241 89 119 294
305 64 560 284 675 847
925 916 740 18 1151 1113
90 669 470 1037 733 863
509 937 514 852 792 51
1023 73 245 1138 404 571
780 1034 473 641 676 739
802 963 1102 372 553 173
619 44 844 977 384 249
687 727 81 300 448 636
867 1048 277 891 1056 139