35 247 105 399
280 268 513 68
161 104 460 466
156 253 305 393
72 489 178 202
398 199 151 383
92 527 54 224
200 409 42 147
459 569 553 312
242 180 155 10
216 458 361 318
104 489 206 52
22 56 123 538
264 295 130 29
263 28 274 239
276 124 449 21
360 482 519 253
225 202 212 312
268 338 558 200
43 291 436 27
84 231 40 521
95 142 558 361
475 462 319 419
84 74 522 573
451 188 526 263
226 159 440 491
415 434 60 215
553 250 72 209
18 436 311 210
327 524 536 18
15 211 11 453
22 452 289 305
351 187 343 240
98 33 493 147
100 176 188 384
379 347 349 332
532 518 483 445
496 203 269 304
459 344 311 574
128 429 538 527
479 125 43 508
228 315 416 231
417 558 501 190
498 526 341 505
270 381 517 260
12 481 91
44 540 104
339 295 172
467 569 121
137 474 221
567 444 506
104 526 327
547 134 519
522 262 547
37 375 377
455 400 327
325 213 390
6 167 11
363 160 541
337 185 61
225 7 233
450 407 323
288 38 463
95 274 279
377 423 411
227 558 156
114 497 471
22 73 296
508 393 182
304 239 183
415 322 332
28 500 106
470 358 505
461 302 342
68 255 90
416 368 487
177 531 161
84 314 391
310 392 367
177 19 102
130 366 25