956 226 1821 1871 298 767 474 759
199 742 1600 1277 660 1377 145 482
426 300 1141 614 179 1853 1325 1737
602 658 545 1692 708 1146 131 283
1380 557 1578 525 1552 500 1167 594
1907 1319 757 86 1774 238 76 1841
1428 1568 1071 800 875 102 928 791
1021 1503 1654 1747 1688 1329 910 1393
1473 1754 1215 709 1463 295 118 1262
1216 1614 1717 869 769 661 703 1025
1221 932 1345 1510 943 1367 590 333
259 246 1694 1861 592 551 501 778
1774 98 459 1122 405 83 1466 1186
1542 1072 1405 176 731 704 1609 1115
1320 1803 454 276 247 1748 1899 1630
612 1755 879 1836
695 1118 967 297
1436 30 1222 200
454 926 349 1747
1825 1853 262 1060
1306 50 705 38
1017 1079 516 705
556 1170 624 1143
1370 1533 54 801
51 1483 647 25
1659 1673 764 477
1754 222 858 310
1703 514 692 1381
1578 1769 211 103
1112 378 54 1139
1050 710 670
711 221 1575
1908 101 1705
1006 1085 14
1593 499 1201
1603 1372 74
1214 514 1415
1788 55 393
1102 835 557
513 165 1911
1695 193 990
320 822 1469
518 1260 1266
662 679 65
737 883 1030
642 138 202
97 1539 293
1254 1316 87
238 971 1427
1073 384 1348
447 1502 247
398 997 1467
580 354 1388
236 418 1011
110 656 1583
1291 126 769
849 1756 89
1206 1771 1654
942 99 92
634 226 1559