991 2656 114 1713 234 760
883 1301 934 346 2155 1420
2443 2775 1617 1593 159 199
477 646 1667 1713 199 2737
2741 2673 1810 14 120 2234
1578 2252 185 1589 691 951
954 1090 1065 1344 4 1350
26 1700 2872 987 177 2031
567 2277 2248 1348 1618 1892
678 1088 555 291 2685 2702
1874 107 1258 696 2667 1780
976 1578 1289 597 1115 2225
1509 1488 212 1836 1082 1066
2092 157 1240 296 980 313
956 1798 952 806 707 8
2845 1391 2453 295 179 1602
1694 95 2617 1135 840 2655
117 2827 41 2147 2218 1321
198 2869 1414 227 2148 2161
2257 282 818 1179 2178 1817
1023 96 749 2841 725 709
2323 1646 2017 701 2838 2277
454 1851 304 1697 1800 1863
2567 990 46 44 1603 961
175 2194 2443 2183
2198 2302 308 445
126 2026 2569 62
2234 80 6 1463
911 1687 1890 16
2275 1495 2345 2761
1887 832 1464 194
820 2002 2582 375
1231 2864 1161 347
2120 1243 2461 450
1526 2479 146 2618
1010 2389 1718 2592
1103 517 1420 2112
47 829 814 2835
2494 777 2861 510
1265 924 893 8
1230 125 299 1703
2753 1547 1228 2307
1389 2451 756 1991
1965 2149 8 1596
2061 1136 2380 2211
2724 2110 161 1740
2868 284 656 628
2508 1614 2052 332