101 1400 91 580 236 1044
486 1368 512 230 845 573
1160 993 303 140 278 717
646 922 1087 148 542 23
1249 393 1151 1375 903 86
1062 1298 1341 622 392 300
1055 107 950 526 196 1387
48 1325 1143 124 1197 598
875 552 728 175 826 111
708 469 262 1129 723 850
501 570 1081 1058 455 712
1145 1172 228 1302 729 637
836 781 323 1360
720 712 36 138
1220 1375 1185 457
689 115 1298 1372
537 995 1167 906
1039 678 1301 1058
71 1001 481 1178
1042 987 203 832
1086 1090 1059 785
365 1000 133 624
819 954 523 781
795 401 210 1171